  0.0000,    1,    6.000,   1.0000,         Agent
  6.0000,    1,    6.000,   1.0000,         Agent
 12.0000,    0,    6.000,   1.0000,          NULL 
 18.0000,    2,    6.000,   1.0000,       Patient
 24.0000,    1,    6.000,   1.0000,         Agent
 30.0000,    0,    6.000,   1.0000,          NULL 
 36.0000,    1,    6.000,   1.0000,         Agent
 42.0000,    0,   10.000,   1.0000,          NULL 
 52.0000,    2,    6.000,   1.0000,       Patient
 58.0000,    0,    8.000,   1.0000,          NULL 
 66.0000,    2,    6.000,   1.0000,       Patient
 72.0000,    0,    8.000,   1.0000,          NULL 
 80.0000,    1,    6.000,   1.0000,         Agent
 86.0000,    0,   18.000,   1.0000,          NULL 
104.0000,    1,    6.000,   1.0000,         Agent
110.0000,    0,    6.000,   1.0000,          NULL 
116.0000,    2,    6.000,   1.0000,       Patient
122.0000,    2,    6.000,   1.0000,       Patient
128.0000,    2,    6.000,   1.0000,       Patient
134.0000,    1,    6.000,   1.0000,         Agent
140.0000,    0,   16.000,   1.0000,          NULL 
156.0000,    1,    6.000,   1.0000,         Agent
162.0000,    0,    4.000,   1.0000,          NULL 
166.0000,    1,    6.000,   1.0000,         Agent
172.0000,    0,    6.000,   1.0000,          NULL 
178.0000,    1,    6.000,   1.0000,         Agent
184.0000,    0,    2.000,   1.0000,          NULL 
186.0000,    2,    6.000,   1.0000,       Patient
192.0000,    0,    8.000,   1.0000,          NULL 
200.0000,    2,    6.000,   1.0000,       Patient
206.0000,    0,   20.000,   1.0000,          NULL 
226.0000,    1,    6.000,   1.0000,         Agent
232.0000,    2,    6.000,   1.0000,       Patient
238.0000,    0,    4.000,   1.0000,          NULL 
242.0000,    2,    6.000,   1.0000,       Patient
248.0000,    0,   14.000,   1.0000,          NULL 
262.0000,    1,    6.000,   1.0000,         Agent
268.0000,    0,    4.000,   1.0000,          NULL 
272.0000,    1,    6.000,   1.0000,         Agent
278.0000,    0,   12.000,   1.0000,          NULL 
290.0000,    2,    6.000,   1.0000,       Patient
296.0000,    0,    6.000,   1.0000,          NULL 
302.0000,    1,    6.000,   1.0000,         Agent
308.0000,    0,    2.000,   1.0000,          NULL 
310.0000,    2,    6.000,   1.0000,       Patient
316.0000,    0,    4.000,   1.0000,          NULL 
320.0000,    1,    6.000,   1.0000,         Agent
326.0000,    0,    6.000,   1.0000,          NULL 
332.0000,    1,    6.000,   1.0000,         Agent
338.0000,    0,    8.000,   1.0000,          NULL 
346.0000,    2,    6.000,   1.0000,       Patient
352.0000,    2,    6.000,   1.0000,       Patient
358.0000,    0,    2.000,   1.0000,          NULL 
360.0000,    1,    6.000,   1.0000,         Agent
366.0000,    2,    6.000,   1.0000,       Patient
372.0000,    0,    2.000,   1.0000,          NULL 
374.0000,    2,    6.000,   1.0000,       Patient
380.0000,    0,    6.000,   1.0000,          NULL 
386.0000,    2,    6.000,   1.0000,       Patient
392.0000,    2,    6.000,   1.0000,       Patient
398.0000,    0,    6.000,   1.0000,          NULL 
404.0000,    2,    6.000,   1.0000,       Patient
410.0000,    2,    6.000,   1.0000,       Patient
416.0000,    0,    4.000,   1.0000,          NULL 
420.0000,    1,    6.000,   1.0000,         Agent
426.0000,    0,   20.000,   1.0000,          NULL 
446.0000,    2,    6.000,   1.0000,       Patient
452.0000,    0,    6.000,   1.0000,          NULL 
458.0000,    1,    6.000,   1.0000,         Agent
464.0000,    0,    4.000,   1.0000,          NULL 
468.0000,    1,    6.000,   1.0000,         Agent
474.0000,    0,   12.000,   1.0000,          NULL 
486.0000,    1,    6.000,   1.0000,         Agent
492.0000,    0,    4.000,   1.0000,          NULL 
496.0000,    1,    6.000,   1.0000,         Agent
502.0000,    1,    6.000,   1.0000,         Agent
508.0000,    0,   18.000,   1.0000,          NULL 
526.0000,    2,    6.000,   1.0000,       Patient
532.0000,    0,    2.000,   1.0000,          NULL 
534.0000,    1,    6.000,   1.0000,         Agent
540.0000,    0,    2.000,   1.0000,          NULL 
542.0000,    2,    6.000,   1.0000,       Patient
548.0000,    0,   14.000,   1.0000,          NULL 
562.0000,    1,    6.000,   1.0000,         Agent
568.0000,    0,    4.000,   1.0000,          NULL 
572.0000,    2,    6.000,   1.0000,       Patient
578.0000,    0,   10.000,   1.0000,          NULL 
588.0000,    2,    6.000,   1.0000,       Patient
594.0000,    0,    4.000,   1.0000,          NULL 
598.0000,    2,    6.000,   1.0000,       Patient
604.0000,    0,    4.000,   1.0000,          NULL 
608.0000,    2,    6.000,   1.0000,       Patient
614.0000,    0,   12.000,   1.0000,          NULL 
626.0000,    1,    6.000,   1.0000,         Agent
632.0000,    0,    4.000,   1.0000,          NULL 
636.0000,    1,    6.000,   1.0000,         Agent
642.0000,    0,    6.000,   1.0000,          NULL 
648.0000,    2,    6.000,   1.0000,       Patient
654.0000,    1,    6.000,   1.0000,         Agent
660.0000,    0,   10.000,   1.0000,          NULL 
670.0000,    2,    6.000,   1.0000,       Patient
676.0000,    2,    6.000,   1.0000,       Patient
682.0000,    0,   18.000,   1.0000,          NULL 
700.0000,    1,    6.000,   1.0000,         Agent
706.0000,    2,    6.000,   1.0000,       Patient
712.0000,    0,    6.000,   1.0000,          NULL 
718.0000,    1,    6.000,   1.0000,         Agent
724.0000,    1,    6.000,   1.0000,         Agent
730.0000,    0,    8.000,   1.0000,          NULL 
738.0000,    2,    6.000,   1.0000,       Patient
744.0000,    0,   10.000,   1.0000,          NULL 
754.0000,    1,    6.000,   1.0000,         Agent
760.0000,    0,    6.000,   1.0000,          NULL 
766.0000,    1,    6.000,   1.0000,         Agent
772.0000,    2,    6.000,   1.0000,       Patient
778.0000,    0,   10.000,   1.0000,          NULL 
788.0000,    2,    6.000,   1.0000,       Patient
794.0000,    0,    8.000,   1.0000,          NULL 
802.0000,    2,    6.000,   1.0000,       Patient
808.0000,    0,    2.000,   1.0000,          NULL 
810.0000,    1,    6.000,   1.0000,         Agent
816.0000,    0,    8.000,   1.0000,          NULL 
824.0000,    2,    6.000,   1.0000,       Patient
830.0000,    0,    8.000,   1.0000,          NULL 
838.0000,    2,    6.000,   1.0000,       Patient
844.0000,    0,    4.000,   1.0000,          NULL 
848.0000,    2,    6.000,   1.0000,       Patient
854.0000,    0,   14.000,   1.0000,          NULL 
868.0000,    2,    6.000,   1.0000,       Patient
874.0000,    0,    4.000,   1.0000,          NULL 
878.0000,    2,    6.000,   1.0000,       Patient
884.0000,    0,    2.000,   1.0000,          NULL 
886.0000,    1,    6.000,   1.0000,         Agent
892.0000,    0,    6.000,   1.0000,          NULL 
898.0000,    2,    6.000,   1.0000,       Patient
904.0000,    0,   36.000,   1.0000,          NULL 
940.0000,    1,    6.000,   1.0000,         Agent
946.0000,    0,    6.000,   1.0000,          NULL 
952.0000,    1,    6.000,   1.0000,         Agent
958.0000,    0,   14.000,   1.0000,          NULL 
972.0000,    2,    6.000,   1.0000,       Patient
978.0000,    1,    6.000,   1.0000,         Agent
984.0000,    2,    6.000,   1.0000,       Patient
990.0000,    0,    6.000,   1.0000,          NULL 
996.0000,    1,    6.000,   1.0000,         Agent
1002.0000,    0,    4.000,   1.0000,          NULL 
1006.0000,    1,    6.000,   1.0000,         Agent
1012.0000,    0,   12.000,   1.0000,          NULL 
1024.0000,    2,    6.000,   1.0000,       Patient
1030.0000,    0,    8.000,   1.0000,          NULL 
1038.0000,    2,    6.000,   1.0000,       Patient
1044.0000,    0,    4.000,   1.0000,          NULL 
1048.0000,    1,    6.000,   1.0000,         Agent
1054.0000,    1,    6.000,   1.0000,         Agent
1060.0000,    0,    4.000,   1.0000,          NULL 
1064.0000,    2,    6.000,   1.0000,       Patient
1070.0000,    0,    8.000,   1.0000,          NULL 
1078.0000,    1,    6.000,   1.0000,         Agent
1084.0000,    0,    4.000,   1.0000,          NULL 
1088.0000,    1,    6.000,   1.0000,         Agent
1094.0000,    0,    8.000,   1.0000,          NULL 
1102.0000,    1,    6.000,   1.0000,         Agent
1108.0000,    0,    6.000,   1.0000,          NULL 
1114.0000,    2,    6.000,   1.0000,       Patient
1120.0000,    0,    6.000,   1.0000,          NULL 
1126.0000,    1,    6.000,   1.0000,         Agent
1132.0000,    0,    2.000,   1.0000,          NULL 
1134.0000,    1,    6.000,   1.0000,         Agent
1140.0000,    0,    2.000,   1.0000,          NULL 
1142.0000,    2,    6.000,   1.0000,       Patient
1148.0000,    2,    6.000,   1.0000,       Patient
1154.0000,    2,    6.000,   1.0000,       Patient
1160.0000,    0,    4.000,   1.0000,          NULL 
1164.0000,    2,    6.000,   1.0000,       Patient
1170.0000,    0,    2.000,   1.0000,          NULL 
1172.0000,    1,    6.000,   1.0000,         Agent
1178.0000,    0,    2.000,   1.0000,          NULL 
1180.0000,    1,    6.000,   1.0000,         Agent
1186.0000,    0,    6.000,   1.0000,          NULL 
1192.0000,    1,    6.000,   1.0000,         Agent
1198.0000,    0,   24.000,   1.0000,          NULL 
1222.0000,    2,    6.000,   1.0000,       Patient
1228.0000,    0,   10.000,   1.0000,          NULL 
1238.0000,    2,    6.000,   1.0000,       Patient
1244.0000,    0,    8.000,   1.0000,          NULL 
1252.0000,    1,    6.000,   1.0000,         Agent
1258.0000,    0,    8.000,   1.0000,          NULL 
1266.0000,    1,    6.000,   1.0000,         Agent
1272.0000,    0,    4.000,   1.0000,          NULL 
1276.0000,    2,    6.000,   1.0000,       Patient
1282.0000,    1,    6.000,   1.0000,         Agent
1288.0000,    0,    6.000,   1.0000,          NULL 
1294.0000,    1,    6.000,   1.0000,         Agent
1300.0000,    0,    8.000,   1.0000,          NULL 
1308.0000,    1,    6.000,   1.0000,         Agent
1314.0000,    0,    2.000,   1.0000,          NULL 
1316.0000,    2,    6.000,   1.0000,       Patient
1322.0000,    0,    4.000,   1.0000,          NULL 
1326.0000,    1,    6.000,   1.0000,         Agent
1332.0000,    0,    4.000,   1.0000,          NULL 
1336.0000,    2,    6.000,   1.0000,       Patient
1342.0000,    0,   10.000,   1.0000,          NULL 
1352.0000,    2,    6.000,   1.0000,       Patient
1358.0000,    0,    8.000,   1.0000,          NULL 
1366.0000,    1,    6.000,   1.0000,         Agent
1372.0000,    2,    6.000,   1.0000,       Patient
1378.0000,    0,   12.000,   1.0000,          NULL 
1390.0000,    1,    6.000,   1.0000,         Agent
1396.0000,    0,    2.000,   1.0000,          NULL 
1398.0000,    1,    6.000,   1.0000,         Agent
1404.0000,    2,    6.000,   1.0000,       Patient
1410.0000,    0,    6.000,   1.0000,          NULL 
1416.0000,    1,    6.000,   1.0000,         Agent
1422.0000,    0,    2.000,   1.0000,          NULL 
1424.0000,    2,    6.000,   1.0000,       Patient
1430.0000,    0,   10.000,   1.0000,          NULL 
